[gd_scene load_steps=3 format=3 uid="uid://djuppmpiv4ig0"]

[ext_resource type="Script" path="res://Main.gd" id="1"]
[ext_resource type="Script" path="res://VRMRemapper.gd" id="2"]

[node name="Spatial" type="Node3D"]
script = ExtResource("1")

[node name="VRMRemapper" type="Node" parent="."]
script = ExtResource("2")

[node name="AJ" type="Node3D" parent="VRMRemapper"]

[node name="skeleton" type="Skeleton3D" parent="VRMRemapper/AJ"]
transform = Transform3D(0.01, 0, 0, 0, 0.01, 0, 0, 0, 0.01, 0, 0, 0)
bones/0/name = "Hips"
bones/0/parent = -1
bones/0/rest = Transform3D(-0.742079, 0.0134239, 0.670178, -0.013424, -0.999897, 0.00516406, 0.670178, -0.00516436, 0.742183, 0, 83.2146, 1.35574e-05)
bones/0/enabled = true
bones/0/position = Vector3(-0.010406, 81.5299, 0.565059)
bones/0/rotation = Quaternion(-0.361164, 0.0162039, -0.932296, 0.0110963)
bones/0/scale = Vector3(1, 1, 1)
bones/1/name = "Pelvis"
bones/1/parent = 0
bones/1/rest = Transform3D(-0.742076, -0.0394328, -0.669155, 0.0134243, 0.997194, -0.073651, 0.670181, -0.0636376, -0.739464, 9.81534e-08, 7.56009e-06, -2.62848e-08)
bones/1/enabled = true
bones/1/position = Vector3(5.2485e-07, -5.76312e-06, 4.76397e-07)
bones/1/rotation = Quaternion(0.00697228, -0.932568, 0.0368039, 0.359045)
bones/1/scale = Vector3(1, 1, 1)
bones/2/name = "LeftUpLeg"
bones/2/parent = 1
bones/2/rest = Transform3D(0.912531, 0.000742018, -0.409007, 0.0329718, 0.99661, 0.075371, 0.407676, -0.0822641, 0.909413, 8.4797, 4.81047, 3.88563e-05)
bones/2/enabled = true
bones/2/position = Vector3(8.4797, 4.81046, 3.85586e-05)
bones/2/rotation = Quaternion(-0.122468, -0.173543, -0.0635634, 0.975112)
bones/2/scale = Vector3(1, 1, 1)
bones/3/name = "LeftLeg"
bones/3/parent = 2
bones/3/rest = Transform3D(0.728228, 0.0610367, 0.682612, 0.0199176, 0.99372, -0.110104, -0.685046, 0.0937764, 0.722439, 5.40167e-07, 32.5553, 1.49012e-07)
bones/3/enabled = true
bones/3/position = Vector3(-2.49188e-07, 32.5553, 1.63233e-06)
bones/3/rotation = Quaternion(0.1725, 0.363236, -0.00271542, 0.915585)
bones/3/scale = Vector3(1, 1, 1)
bones/4/name = "LeftFoot"
bones/4/parent = 3
bones/4/rest = Transform3D(0.867617, 0.354149, -0.349026, 0.126487, 0.52165, 0.843731, 0.480877, -0.776182, 0.407797, -0.418801, 32.7677, -0.674933)
bones/4/enabled = true
bones/4/position = Vector3(-0.418802, 32.7677, -0.674933)
bones/4/rotation = Quaternion(-0.525629, -0.378624, -0.0436626, 0.76056)
bones/4/scale = Vector3(1, 1, 1)
bones/5/name = "LeftToeBase"
bones/5/parent = 4
bones/5/rest = Transform3D(0.979365, -0.0899291, -0.180991, 0.0899287, -0.608091, 0.788757, -0.180991, -0.788757, -0.587456, -0.00778817, 17.4875, 3.28635)
bones/5/enabled = true
bones/5/position = Vector3(-0.00778796, 17.4875, 3.28635)
bones/5/rotation = Quaternion(-0.890914, 1.35896e-07, 0.101576, 0.442668)
bones/5/scale = Vector3(1, 1, 1)
bones/6/name = "LFootTongue"
bones/6/parent = 4
bones/6/rest = Transform3D(0.979365, -0.0899292, -0.180991, 0.0899287, -0.608091, 0.788757, -0.180991, -0.788757, -0.587455, 0.00778967, 6.00442, -3.28634)
bones/6/enabled = true
bones/6/position = Vector3(0.00778748, 6.00442, -3.28634)
bones/6/rotation = Quaternion(-0.890914, 1.40078e-07, 0.101576, 0.442668)
bones/6/scale = Vector3(1, 1, 1)
bones/7/name = "LeftPantLeg"
bones/7/parent = 3
bones/7/rest = Transform3D(0.944895, -0.00470338, 0.327336, 0.0321537, -0.993729, -0.107091, 0.325792, 0.111716, -0.938804, 0.4188, 16.6974, 0.674934)
bones/7/enabled = true
bones/7/position = Vector3(0.418801, 16.6974, 0.674935)
bones/7/rotation = Quaternion(0.984561, 0.00697019, 0.165844, 0.05556)
bones/7/scale = Vector3(1, 1, 0.999985)
bones/8/name = "RightUpLeg"
bones/8/parent = 1
bones/8/rest = Transform3D(0.919347, -0.000710526, 0.393448, -0.0317156, 0.99661, 0.0759078, -0.392168, -0.0822641, 0.916208, -8.4797, 4.81047, -4.03167e-05)
bones/8/enabled = true
bones/8/position = Vector3(-8.4797, 4.81047, -4.2286e-05)
bones/8/rotation = Quaternion(-0.108136, 0.24841, 0.0509372, 0.961251)
bones/8/scale = Vector3(1, 1, 1)
bones/9/name = "RightLeg"
bones/9/parent = 8
bones/9/rest = Transform3D(0.739268, -0.0595027, -0.670777, -0.0199312, 0.993719, -0.110116, 0.673116, 0.0947748, 0.733439, 6.14673e-07, 32.5553, 2.08616e-07)
bones/9/enabled = true
bones/9/position = Vector3(5.85758e-07, 32.5553, -8.5715e-07)
bones/9/rotation = Quaternion(0.181854, -0.358614, 0.0172459, 0.915438)
bones/9/scale = Vector3(1, 1, 1)
bones/10/name = "RightFoot"
bones/10/parent = 9
bones/10/rest = Transform3D(0.867275, -0.354682, 0.349336, -0.126517, 0.52165, 0.843726, -0.481486, -0.775939, 0.407541, 0.418612, 32.7677, -0.675372)
bones/10/enabled = true
bones/10/position = Vector3(0.418614, 32.7677, -0.675367)
bones/10/rotation = Quaternion(-0.54524, 0.351408, 0.039462, 0.760045)
bones/10/scale = Vector3(1, 1, 1)
bones/11/name = "RightToeBase"
bones/11/parent = 10
bones/11/rest = Transform3D(0.979368, 0.0899203, 0.180974, -0.0899205, -0.608091, 0.788758, 0.180974, -0.788758, -0.587459, 0.00770236, 17.4875, 3.28632)
bones/11/enabled = true
bones/11/position = Vector3(0.00770186, 17.4875, 3.28632)
bones/11/rotation = Quaternion(-0.890915, 6.27213e-08, -0.101567, 0.442667)
bones/11/scale = Vector3(1, 1, 1)
bones/12/name = "RFootTongue"
bones/12/parent = 10
bones/12/rest = Transform3D(0.979368, 0.0899203, 0.180974, -0.0899206, -0.608091, 0.788758, 0.180974, -0.788758, -0.587459, -0.00770164, 6.00439, -3.28632)
bones/12/enabled = true
bones/12/position = Vector3(-0.00770109, 6.00439, -3.28632)
bones/12/rotation = Quaternion(-0.890915, 6.69027e-08, -0.101567, 0.442668)
bones/12/scale = Vector3(1, 1, 1)
bones/13/name = "RightPantLeg"
bones/13/parent = 9
bones/13/rest = Transform3D(0.944659, 0.0047472, -0.328015, -0.032194, -0.993727, -0.107095, -0.326471, 0.11173, -0.938565, -0.41861, 16.6975, 0.675371)
bones/13/enabled = true
bones/13/position = Vector3(-0.41861, 16.6975, 0.675372)
bones/13/rotation = Quaternion(0.984501, -0.00696973, -0.166199, 0.0555678)
bones/13/scale = Vector3(1, 1, 0.999984)
bones/14/name = "Spine"
bones/14/parent = 0
bones/14/rest = Transform3D(-0.742079, 0.000443146, 0.670312, 0.0134239, -0.999789, 0.0155221, 0.670178, 0.0205169, 0.741917, 0.677902, -7.72721, 0.905411)
bones/14/enabled = true
bones/14/position = Vector3(0.677902, -7.72723, 0.905411)
bones/14/rotation = Quaternion(-0.356794, -0.0236416, -0.933824, 0.0105877)
bones/14/scale = Vector3(1, 1, 1)
bones/15/name = "Spine1"
bones/15/parent = 14
bones/15/rest = Transform3D(1, 1.38949e-05, 1.86246e-05, -1.3682e-05, -0.29575, 0.955265, 1.87816e-05, -0.955265, -0.29575, -2.84217e-14, 12.0267, -1.19209e-07)
bones/15/enabled = true
bones/15/position = Vector3(1.29399e-08, 12.0267, 3.89387e-07)
bones/15/rotation = Quaternion(-0.786784, -0.00138632, 0.00082654, 0.617226)
bones/15/scale = Vector3(1, 1, 1)
bones/16/name = "Spine2"
bones/16/parent = 15
bones/16/rest = Transform3D(1, -9.6694e-06, 2.12453e-05, 1.40234e-05, -0.478732, -0.877961, 1.86601e-05, 0.877961, -0.478732, -0.000171003, -2.70184, 11.192)
bones/16/enabled = true
bones/16/position = Vector3(-0.000171029, -2.70184, 11.192)
bones/16/rotation = Quaternion(0.874759, -0.00113507, 0.00108379, 0.484556)
bones/16/scale = Vector3(1, 1, 1)
bones/17/name = "Neck"
bones/17/parent = 16
bones/17/rest = Transform3D(1, -1.69889e-09, 8.96977e-13, 1.68927e-09, 0.994397, 0.105713, -1.80486e-10, -0.105713, 0.994397, -1.13524e-07, 17.3073, -7.06403)
bones/17/enabled = true
bones/17/position = Vector3(1.06268e-07, 17.3074, -7.06404)
bones/17/rotation = Quaternion(-0.0836383, -0.000145655, -0.000152087, 0.996496)
bones/17/scale = Vector3(1, 1, 1)
bones/18/name = "Head"
bones/18/parent = 17
bones/18/rest = Transform3D(0.990248, 0.135534, -0.0322348, -0.138317, 0.928836, -0.343705, -0.016643, 0.344812, 0.938524, 1.77636e-15, 9.10997, -1.43051e-06)
bones/18/enabled = true
bones/18/position = Vector3(-6.79985e-07, 9.10996, 8.53046e-06)
bones/18/rotation = Quaternion(0.152031, -0.00702553, -0.0665001, 0.986111)
bones/18/scale = Vector3(1, 1, 1)
bones/19/name = "HairB"
bones/19/parent = 18
bones/19/rest = Transform3D(0.990248, -0.135534, -0.0322347, 0.135534, 0.883697, 0.448008, -0.0322348, -0.448008, 0.893448, -3.95314, 33.0522, 11.0663)
bones/19/enabled = true
bones/19/position = Vector3(-3.95314, 33.0522, 11.0663)
bones/19/rotation = Quaternion(-0.230816, 2.39911e-08, 0.0698279, 0.970489)
bones/19/scale = Vector3(1, 1, 1)
bones/20/name = "HairA"
bones/20/parent = 18
bones/20/rest = Transform3D(0.990248, -0.135534, -0.0322347, 0.135534, 0.883697, 0.448008, -0.0322348, -0.448008, 0.893448, -11.0707, 31.0198, 10.0091)
bones/20/enabled = true
bones/20/position = Vector3(-11.0707, 31.0198, 10.0091)
bones/20/rotation = Quaternion(-0.230816, 2.49507e-08, 0.0698279, 0.970489)
bones/20/scale = Vector3(1, 1, 1)
bones/21/name = "Hat"
bones/21/parent = 18
bones/21/rest = Transform3D(0.990248, -0.135534, -0.0322347, 0.135534, 0.883697, 0.448008, -0.0322348, -0.448008, 0.893448, 15.0238, 8.6484, -21.0755)
bones/21/enabled = true
bones/21/position = Vector3(15.0238, 8.6484, -21.0755)
bones/21/rotation = Quaternion(-0.230816, 2.39911e-08, 0.0698279, 0.970489)
bones/21/scale = Vector3(1, 1, 1)
bones/22/name = "LeftShoulder"
bones/22/parent = 16
bones/22/rest = Transform3D(0.0236629, 0.976425, 0.214558, -0.906212, -0.069679, 0.417043, 0.422161, -0.204303, 0.883199, 6.1978, 12.4512, -6.94462)
bones/22/enabled = true
bones/22/position = Vector3(6.1978, 12.4512, -6.94462)
bones/22/rotation = Quaternion(-0.274414, -0.0133006, -0.762017, 0.586387)
bones/22/scale = Vector3(1, 1, 1)
bones/23/name = "LeftArm"
bones/23/parent = 22
bones/23/rest = Transform3D(0.976425, 0.0236628, 0.214558, 0.0234881, 0.976425, -0.214577, -0.214577, 0.214558, 0.952849, -3.51667e-06, 7.9659, -9.53674e-07)
bones/23/enabled = true
bones/23/position = Vector3(1.1105e-05, 7.9659, 1.17062e-06)
bones/23/rotation = Quaternion(0.0522307, 0.252066, -0.439689, 0.86047)
bones/23/scale = Vector3(1, 1, 1)
bones/24/name = "LeftForeArm"
bones/24/parent = 23
bones/24/rest = Transform3D(0.999352, 0.0116112, -0.0340594, -0.0104375, 0.999352, 0.0344371, 0.0344372, -0.0340593, 0.998826, 1.81717e-06, 22.0494, 1.21699e-07)
bones/24/enabled = true
bones/24/position = Vector3(-1.96137e-06, 22.0494, -3.82337e-06)
bones/24/rotation = Quaternion(0.267553, -0.0148574, -0.0101529, 0.963375)
bones/24/scale = Vector3(1, 1, 1)
bones/25/name = "LeftHand"
bones/25/parent = 24
bones/25/rest = Transform3D(0.997565, 0.0695571, -0.00514178, -0.0695153, 0.99755, 0.00790949, 0.00567934, -0.0075328, 0.999955, -0.240149, 22.9945, 0.792377)
bones/25/enabled = true
bones/25/position = Vector3(-0.240169, 22.9945, 0.792378)
bones/25/rotation = Quaternion(0.00586105, 0.0270331, -0.0714515, 0.99706)
bones/25/scale = Vector3(1, 1, 1)
bones/26/name = "LeftHandThumb1"
bones/26/parent = 25
bones/26/rest = Transform3D(0.751675, 0.402622, 0.52238, 0.00245844, 0.790329, -0.612679, -0.65953, 0.461819, 0.59308, 1.90803, 3.53816, 3.19652)
bones/26/enabled = true
bones/26/position = Vector3(1.90802, 3.53817, 3.19652)
bones/26/rotation = Quaternion(0.323748, 0.327664, -0.0180808, 0.88741)
bones/26/scale = Vector3(1, 1, 1)
bones/27/name = "LeftHandThumb2"
bones/27/parent = 26
bones/27/rest = Transform3D(1, 3.39001e-07, -2.98023e-07, -3.39001e-07, 1, -3.72529e-08, 2.98023e-07, 3.7253e-08, 1, -3.66569e-06, 4.00381, -8.46386e-06)
bones/27/enabled = true
bones/27/position = Vector3(-3.18512e-06, 4.00381, 2.02283e-06)
bones/27/rotation = Quaternion(-0.306922, 0.017052, -0.21626, 0.926682)
bones/27/scale = Vector3(1, 1, 1)
bones/28/name = "LeftHandThumb3"
bones/28/parent = 27
bones/28/rest = Transform3D(-0.165982, -0.753392, -0.636278, 0.722974, -0.531772, 0.441052, -0.67064, -0.386806, 0.632948, -2.86102e-06, 3.94868, 6.4373e-06)
bones/28/enabled = true
bones/28/position = Vector3(-3.85591e-06, 3.94868, -3.59266e-06)
bones/28/rotation = Quaternion(-0.428031, 0.0177661, 0.763332, 0.483527)
bones/28/scale = Vector3(1, 1, 1)
bones/29/name = "LeftHandIndex1"
bones/29/parent = 25
bones/29/rest = Transform3D(0.995918, -0.0796868, 0.0423936, 0.0813514, 0.995918, -0.0391045, -0.0391044, 0.0423936, 0.998336, 0.151733, 11.2165, 4.1459)
bones/29/enabled = true
bones/29/position = Vector3(0.151722, 11.2165, 4.1459)
bones/29/rotation = Quaternion(-0.0352071, 0.0205099, -0.227545, 0.972915)
bones/29/scale = Vector3(1, 1, 1)
bones/30/name = "LeftHandIndex2"
bones/30/parent = 29
bones/30/rest = Transform3D(1, 2.2119e-09, -7.45058e-09, -2.2119e-09, 1, 1.86264e-08, 7.45058e-09, -1.86264e-08, 1, -7.04055e-06, 3.28311, 6.57828e-08)
bones/30/enabled = true
bones/30/position = Vector3(-1.79534e-06, 3.2831, 3.04201e-07)
bones/30/rotation = Quaternion(-0.047966, 4.01072e-08, -0.468065, 0.882391)
bones/30/scale = Vector3(1, 1, 1)
bones/31/name = "LeftHandIndex3"
bones/31/parent = 30
bones/31/rest = Transform3D(-0.341651, -0.931995, 0.12108, 0.939583, -0.341651, 0.0214117, 0.0214115, 0.12108, 0.992412, -7.21198e-06, 3.32385, 1.1921e-07)
bones/31/enabled = true
bones/31/position = Vector3(-9.56851e-07, 3.32385, 2.08274e-07)
bones/31/rotation = Quaternion(0.0435552, 0.0435553, 0.817881, 0.572082)
bones/31/scale = Vector3(1, 1, 1)
bones/32/name = "LeftHandMiddle1"
bones/32/parent = 25
bones/32/rest = Transform3D(0.995918, -0.0796868, 0.0423936, 0.0813514, 0.995918, -0.0391045, -0.0391045, 0.0423936, 0.998336, -0.903307, 11.2896, 0.480569)
bones/32/enabled = true
bones/32/position = Vector3(-0.903315, 11.2896, 0.480569)
bones/32/rotation = Quaternion(-0.0531477, 0.0205801, -0.311575, 0.948511)
bones/32/scale = Vector3(1, 1, 1)
bones/33/name = "LeftHandMiddle2"
bones/33/parent = 32
bones/33/rest = Transform3D(1, -3.57395e-08, -1.49012e-08, 3.57395e-08, 1, 9.04333e-15, 1.49012e-08, -9.57589e-15, 1, -8.11997e-07, 3.4105, 2.17047e-10)
bones/33/enabled = true
bones/33/position = Vector3(1.93401e-06, 3.4105, -2.23301e-07)
bones/33/rotation = Quaternion(-0.0594871, 4.35792e-08, -0.580492, 0.81209)
bones/33/scale = Vector3(1, 1, 1)
bones/34/name = "LeftHandMiddle3"
bones/34/parent = 33
bones/34/rest = Transform3D(-0.347264, -0.929948, 0.120848, 0.937515, -0.347264, 0.0217447, 0.0217447, 0.120848, 0.992433, 1.75263e-06, 3.31217, -6.5063e-10)
bones/34/enabled = true
bones/34/position = Vector3(1.47093e-05, 3.31217, -1.15794e-06)
bones/34/rotation = Quaternion(0.0434947, 0.0434948, 0.819598, 0.569628)
bones/34/scale = Vector3(1, 1, 1)
bones/35/name = "LeftHandRing1"
bones/35/parent = 25
bones/35/rest = Transform3D(0.995918, -0.0796868, 0.0423936, 0.0813514, 0.995918, -0.0391045, -0.0391044, 0.0423936, 0.998336, -1.03175, 11.5863, -2.51045)
bones/35/enabled = true
bones/35/position = Vector3(-1.03176, 11.5863, -2.51045)
bones/35/rotation = Quaternion(-0.0530959, 0.0205758, -0.31126, 0.948617)
bones/35/scale = Vector3(1, 1, 1)
bones/36/name = "LeftHandRing2"
bones/36/parent = 35
bones/36/rest = Transform3D(1, 2.09549e-09, -7.45056e-09, -2.09549e-09, 1, 2.23517e-08, 7.45057e-09, -2.23517e-08, 1, -4.6081e-06, 3.0533, 2.62199e-07)
bones/36/enabled = true
bones/36/position = Vector3(2.19874e-07, 3.05331, 2.37798e-08)
bones/36/rotation = Quaternion(-0.0594872, -2.06428e-08, -0.580492, 0.81209)
bones/36/scale = Vector3(1, 1, 1)
bones/37/name = "LeftHandRing3"
bones/37/parent = 36
bones/37/rest = Transform3D(-0.388677, -0.914294, 0.114003, 0.921083, -0.388677, 0.0231472, 0.0231471, 0.114003, 0.993211, -4.82085e-06, 3.2958, -5.32054e-10)
bones/37/enabled = true
bones/37/position = Vector3(1.02148e-05, 3.29581, -1.63252e-06)
bones/37/rotation = Quaternion(0.0411986, 0.0411986, 0.832251, 0.55133)
bones/37/scale = Vector3(1, 1, 1)
bones/38/name = "LeftHandPinky1"
bones/38/parent = 25
bones/38/rest = Transform3D(0.995918, -0.0796869, 0.0423936, 0.0813514, 0.995918, -0.0391046, -0.0391045, 0.0423937, 0.998336, -0.124647, 10.778, -5.31253)
bones/38/enabled = true
bones/38/position = Vector3(-0.124659, 10.778, -5.31253)
bones/38/rotation = Quaternion(-0.0533997, 0.0206687, -0.311444, 0.948538)
bones/38/scale = Vector3(1, 1, 1)
bones/39/name = "LeftHandPinky2"
bones/39/parent = 38
bones/39/rest = Transform3D(1, 2.06056e-08, -1.49012e-08, -2.06056e-08, 1, 1.08033e-07, 1.49012e-08, -1.08033e-07, 1, -2.11682e-06, 2.86164, -1.13234e-06)
bones/39/enabled = true
bones/39/position = Vector3(2.89423e-08, 2.86164, -6.55504e-07)
bones/39/rotation = Quaternion(-0.0595195, -6.19457e-08, -0.580806, 0.811863)
bones/39/scale = Vector3(1, 1, 1)
bones/40/name = "LeftHandPinky3"
bones/40/parent = 39
bones/40/rest = Transform3D(-0.294616, -0.94684, 0.129208, 0.955415, -0.294616, 0.0195531, 0.0195531, 0.129208, 0.991425, -3.76664e-06, 2.86338, -5.34683e-13)
bones/40/enabled = true
bones/40/position = Vector3(-1.12147e-05, 2.86338, 1.55661e-06)
bones/40/rotation = Quaternion(0.0463014, 0.0463014, 0.803221, 0.592071)
bones/40/scale = Vector3(1, 1, 1)
bones/41/name = "LSleeve"
bones/41/parent = 24
bones/41/rest = Transform3D(-0.0104375, -0.999352, 0.0344373, 0.999352, -0.0116111, -0.0340593, 0.034437, 0.0340595, 0.998826, 0.240169, 6.71041, -0.792378)
bones/41/enabled = true
bones/41/position = Vector3(0.240147, 6.71041, -0.792376)
bones/41/rotation = Quaternion(0.0242247, 8.7437e-08, 0.710787, 0.70299)
bones/41/scale = Vector3(1, 1, 1)
bones/42/name = "RightShoulder"
bones/42/parent = 16
bones/42/rest = Transform3D(0.0236627, -0.976425, -0.214558, 0.906212, -0.0696791, 0.417043, -0.422161, -0.204303, 0.883199, -6.1978, 12.4512, -6.94462)
bones/42/enabled = true
bones/42/position = Vector3(-6.1978, 12.4512, -6.94462)
bones/42/rotation = Quaternion(-0.269499, 0.0148594, 0.753631, 0.599324)
bones/42/scale = Vector3(1, 1, 1)
bones/43/name = "RightArm"
bones/43/parent = 42
bones/43/rest = Transform3D(0.976425, -0.0236628, -0.214558, -0.0234881, 0.976425, -0.214577, 0.214577, 0.214558, 0.952849, 3.39746e-06, 7.9659, 9.53674e-07)
bones/43/enabled = true
bones/43/position = Vector3(-6.40335e-06, 7.9659, -2.43476e-06)
bones/43/rotation = Quaternion(0.161434, -0.254443, 0.502885, 0.810126)
bones/43/scale = Vector3(1, 1, 1)
bones/44/name = "RightForeArm"
bones/44/parent = 43
bones/44/rest = Transform3D(0.999352, -0.0116112, 0.0340594, 0.0104375, 0.999352, 0.0344371, -0.0344372, -0.0340593, 0.998826, -2.08558e-06, 22.0494, -4.79441e-07)
bones/44/enabled = true
bones/44/position = Vector3(4.4521e-06, 22.0494, 2.91674e-06)
bones/44/rotation = Quaternion(0.187141, 0.0156446, 0.00889198, 0.982168)
bones/44/scale = Vector3(1, 1, 1)
bones/45/name = "RightHand"
bones/45/parent = 44
bones/45/rest = Transform3D(0.997565, -0.0695571, 0.00514178, 0.0695153, 0.99755, 0.00790951, -0.00567935, -0.00753281, 0.999955, 0.240149, 22.9945, 0.792377)
bones/45/enabled = true
bones/45/position = Vector3(0.240157, 22.9945, 0.792376)
bones/45/rotation = Quaternion(-0.0295154, -0.00625394, 0.020911, 0.999326)
bones/45/scale = Vector3(1, 1, 1)
bones/46/name = "RightHandThumb1"
bones/46/parent = 45
bones/46/rest = Transform3D(0.751674, -0.402622, -0.52238, -0.00245842, 0.790328, -0.612678, 0.65953, 0.461819, 0.59308, -1.90803, 3.53816, 3.19652)
bones/46/enabled = true
bones/46/position = Vector3(-1.90802, 3.53816, 3.19651)
bones/46/rotation = Quaternion(0.258174, -0.331821, -0.0421632, 0.906346)
bones/46/scale = Vector3(1, 1, 1)
bones/47/name = "RightHandThumb2"
bones/47/parent = 46
bones/47/rest = Transform3D(1, -3.01749e-07, 2.92435e-07, 3.01748e-07, 1, 1.71363e-07, -2.92435e-07, -1.71363e-07, 1, 3.33786e-06, 4.00381, -1.2137e-05)
bones/47/enabled = true
bones/47/position = Vector3(3.81842e-06, 4.00381, -2.12346e-07)
bones/47/rotation = Quaternion(-0.19873, 0.0330057, 0.213332, 0.955985)
bones/47/scale = Vector3(1, 1, 1)
bones/48/name = "RightHandThumb3"
bones/48/parent = 47
bones/48/rest = Transform3D(-0.165982, 0.753393, 0.636278, -0.722974, -0.531771, 0.441052, 0.67064, -0.386806, 0.632948, 6.79493e-06, 3.94868, 2.74181e-06)
bones/48/enabled = true
bones/48/position = Vector3(9.25572e-08, 3.94869, -8.1142e-07)
bones/48/rotation = Quaternion(-0.428031, -0.0177662, -0.763332, 0.483527)
bones/48/scale = Vector3(1, 1, 1)
bones/49/name = "RightHandIndex1"
bones/49/parent = 45
bones/49/rest = Transform3D(0.995918, 0.0796868, -0.0423936, -0.0813514, 0.995918, -0.0391045, 0.0391044, 0.0423936, 0.998335, -0.151726, 11.2165, 4.1459)
bones/49/enabled = true
bones/49/position = Vector3(-0.151717, 11.2165, 4.1459)
bones/49/rotation = Quaternion(-0.0152378, -0.0198126, 0.0883745, 0.995774)
bones/49/scale = Vector3(1, 1, 1)
bones/50/name = "RightHandIndex2"
bones/50/parent = 49
bones/50/rest = Transform3D(1, -2.56113e-09, 7.45057e-09, 2.56113e-09, 1, -7.45058e-09, -7.45057e-09, 7.45058e-09, 1, 1.46655e-05, 3.28311, -2.10432e-08)
bones/50/enabled = true
bones/50/position = Vector3(-2.39631e-06, 3.2831, -2.10405e-08)
bones/50/rotation = Quaternion(-0.0517093, -3.38233e-08, 0.63476, 0.770978)
bones/50/scale = Vector3(1, 1, 1)
bones/51/name = "RightHandIndex3"
bones/51/parent = 50
bones/51/rest = Transform3D(-0.341652, 0.931995, -0.12108, -0.939583, -0.341652, 0.0214118, -0.0214116, 0.12108, 0.992412, 1.48627e-05, 3.32385, -1.00106e-07)
bones/51/enabled = true
bones/51/position = Vector3(-1.06372e-06, 3.32385, -5.14188e-07)
bones/51/rotation = Quaternion(0.0435552, -0.0435553, -0.817881, 0.572081)
bones/51/scale = Vector3(1, 1, 1)
bones/52/name = "RightHandMiddle1"
bones/52/parent = 45
bones/52/rest = Transform3D(0.995918, 0.0796868, -0.0423936, -0.0813514, 0.995918, -0.0391045, 0.0391045, 0.0423936, 0.998335, 0.903314, 11.2896, 0.480568)
bones/52/enabled = true
bones/52/position = Vector3(0.903318, 11.2896, 0.480566)
bones/52/rotation = Quaternion(-0.0388677, -0.0212499, 0.234443, 0.97112)
bones/52/scale = Vector3(1, 1, 1)
bones/53/name = "RightHandMiddle2"
bones/53/parent = 52
bones/53/rest = Transform3D(1, -1.7928e-08, 1.49011e-08, 1.7928e-08, 1, -5.05217e-15, -1.49011e-08, 5.31932e-15, 1, -3.11151e-06, 3.4105, 4.7228e-07)
bones/53/enabled = true
bones/53/position = Vector3(1.65686e-06, 3.4105, 2.52465e-08)
bones/53/rotation = Quaternion(-0.0573964, -5.26686e-09, 0.704572, 0.707307)
bones/53/scale = Vector3(1, 1, 1)
bones/54/name = "RightHandMiddle3"
bones/54/parent = 53
bones/54/rest = Transform3D(-0.347264, 0.929948, -0.120848, -0.937515, -0.347264, 0.0217447, -0.0217447, 0.120848, 0.992433, -1.71649e-06, 3.31217, 4.71412e-07)
bones/54/enabled = true
bones/54/position = Vector3(-4.90002e-06, 3.31217, -1.17151e-06)
bones/54/rotation = Quaternion(0.0434948, -0.0434948, -0.819598, 0.569628)
bones/54/scale = Vector3(1, 1, 1)
bones/55/name = "RightHandRing1"
bones/55/parent = 45
bones/55/rest = Transform3D(0.995918, 0.0796868, -0.0423936, -0.0813514, 0.995918, -0.0391045, 0.0391044, 0.0423936, 0.998335, 1.03175, 11.5863, -2.51045)
bones/55/enabled = true
bones/55/position = Vector3(1.03176, 11.5863, -2.51045)
bones/55/rotation = Quaternion(-0.0380785, -0.0210492, 0.234871, 0.971052)
bones/55/scale = Vector3(1, 1, 1)
bones/56/name = "RightHandRing2"
bones/56/parent = 55
bones/56/rest = Transform3D(1, -2.79397e-09, 7.45057e-09, 2.79397e-09, 1, -3.72528e-09, -7.45057e-09, 3.72528e-09, 1, 4.64446e-06, 3.0533, -1.16324e-06)
bones/56/enabled = true
bones/56/position = Vector3(2.08146e-06, 3.05331, -2.09564e-07)
bones/56/rotation = Quaternion(-0.0573967, 6.84696e-08, 0.704576, 0.707303)
bones/56/scale = Vector3(1, 1, 1)
bones/57/name = "RightHandRing3"
bones/57/parent = 56
bones/57/rest = Transform3D(-0.388677, 0.914294, -0.114003, -0.921083, -0.388677, 0.0231472, -0.0231471, 0.114003, 0.993211, 4.90862e-06, 3.29581, -9.61126e-07)
bones/57/enabled = true
bones/57/position = Vector3(4.34425e-06, 3.2958, 4.96094e-08)
bones/57/rotation = Quaternion(0.0411986, -0.0411987, -0.832251, 0.551329)
bones/57/scale = Vector3(1, 1, 1)
bones/58/name = "RightHandPinky1"
bones/58/parent = 45
bones/58/rest = Transform3D(0.995918, 0.0796868, -0.0423936, -0.0813514, 0.995918, -0.0391046, 0.0391044, 0.0423937, 0.998335, 0.124654, 10.778, -5.31253)
bones/58/enabled = true
bones/58/position = Vector3(0.124655, 10.778, -5.31253)
bones/58/rotation = Quaternion(-0.0383421, -0.0209309, 0.234841, 0.971052)
bones/58/scale = Vector3(1, 1, 1)
bones/59/name = "RightHandPinky2"
bones/59/parent = 58
bones/59/rest = Transform3D(1, -2.14204e-08, 1.49011e-08, 2.14204e-08, 1, 8.94069e-08, -1.49011e-08, -8.94069e-08, 1, 2.17606e-06, 2.86165, -3.5521e-07)
bones/59/enabled = true
bones/59/position = Vector3(1.95254e-06, 2.86166, 1.31372e-06)
bones/59/rotation = Quaternion(-0.057397, 6.84697e-08, 0.704577, 0.707303)
bones/59/scale = Vector3(1, 1, 1)
bones/60/name = "RightHandPinky3"
bones/60/parent = 59
bones/60/rest = Transform3D(-0.294616, 0.94684, -0.129208, -0.955415, -0.294616, 0.0195531, -0.0195532, 0.129208, 0.991425, 3.88489e-06, 2.86339, 1.33564e-06)
bones/60/enabled = true
bones/60/position = Vector3(-7.72416e-06, 2.86338, -1.50209e-06)
bones/60/rotation = Quaternion(0.0463015, -0.0463014, -0.803221, 0.592071)
bones/60/scale = Vector3(1, 1, 1)
bones/61/name = "RSleeve"
bones/61/parent = 44
bones/61/rest = Transform3D(-0.0104377, 0.999352, -0.0344374, -0.999352, -0.0116113, -0.0340593, -0.0344371, 0.0340596, 0.998826, -0.240177, 6.71042, -0.792378)
bones/61/enabled = true
bones/61/position = Vector3(-0.240157, 6.71042, -0.792379)
bones/61/rotation = Quaternion(0.0242247, -1.03335e-07, -0.710787, 0.70299)
bones/61/scale = Vector3(1, 1, 1)
bones/62/name = "Backpack"
bones/62/parent = 16
bones/62/rest = Transform3D(1, -3.50175e-09, 8.84931e-13, 3.41742e-09, 0.975972, 0.217896, -7.6388e-10, -0.217896, 0.975972, 5.83927e-07, 5.57978, 36.3347)
bones/62/enabled = true
bones/62/position = Vector3(6.58433e-07, 5.57976, 36.3347)
bones/62/rotation = Quaternion(-0.109608, 1.9235e-10, 1.74028e-09, 0.993975)
bones/62/scale = Vector3(1, 1, 1)
bones/63/name = "Hood"
bones/63/parent = 16
bones/63/rest = Transform3D(1, -1.12263e-08, -6.46594e-13, -8.0326e-09, -0.715556, 0.698556, -7.84267e-09, -0.698556, -0.715556, -2.29278e-07, 16.0306, -14.2668)
bones/63/enabled = true
bones/63/position = Vector3(-1.08207e-07, 16.0306, -14.2668)
bones/63/rotation = Quaternion(-0.926163, 5.19858e-09, 2.11715e-09, 0.377124)
bones/63/scale = Vector3(1, 1, 1)
bones/64/name = "Hood1"
bones/64/parent = 63
bones/64/rest = Transform3D(1, -9.63247e-09, 1.11022e-14, -5.26076e-09, -0.54615, -0.837687, 8.069e-09, 0.837687, -0.54615, 5.32907e-14, 9.17515, -5.72205e-06)
bones/64/enabled = true
bones/64/position = Vector3(3.72528e-08, 9.17515, 9.03556e-06)
bones/64/rotation = Quaternion(0.879247, -4.23466e-09, 2.2943e-09, 0.476366)
bones/64/scale = Vector3(1, 1, 1)
bones/65/name = "LHoodieString"
bones/65/parent = 16
bones/65/rest = Transform3D(0.990974, 0.0349971, -0.129407, -0.0623532, -0.73421, -0.676052, -0.118672, 0.678019, -0.725401, 5.2505, 16.677, -0.557331)
bones/65/enabled = true
bones/65/position = Vector3(5.2505, 16.677, -0.557323)
bones/65/rotation = Quaternion(0.928788, -0.00736341, -0.0667747, 0.364473)
bones/65/scale = Vector3(1, 1, 1)
bones/66/name = "LHoodieString1"
bones/66/parent = 65
bones/66/rest = Transform3D(0.990974, -0.000918059, 0.134052, 0.0349971, 0.967071, -0.252091, -0.129407, 0.254507, 0.958374, -7.15256e-07, 7.36347, -2.02656e-06)
bones/66/enabled = true
bones/66/position = Vector3(6.33501e-08, 7.36347, 8.94325e-07)
bones/66/rotation = Quaternion(0.127994, 0.0665639, 0.00907409, 0.989497)
bones/66/scale = Vector3(1, 1, 1)
bones/67/name = "LHoodieString2"
bones/67/parent = 66
bones/67/rest = Transform3D(1, 4.46728e-08, 1.36395e-07, 6.53382e-09, -0.963511, 0.267668, 1.43376e-07, -0.267669, -0.963509, 8.91418e-07, 10.009, 3.31328e-06)
bones/67/enabled = true
bones/67/position = Vector3(-3.08126e-07, 10.009, -3.22055e-08)
bones/67/rotation = Quaternion(-0.990836, -1.292e-08, -7.05899e-08, 0.135072)
bones/67/scale = Vector3(1, 1, 0.999998)
bones/68/name = "RHoodieString"
bones/68/parent = 16
bones/68/rest = Transform3D(0.990974, -0.034997, 0.129407, 0.0623532, -0.73421, -0.676052, 0.118671, 0.678019, -0.725401, -5.2505, 16.677, -0.55733)
bones/68/enabled = true
bones/68/position = Vector3(-5.2505, 16.677, -0.557323)
bones/68/rotation = Quaternion(0.928788, 0.00736341, 0.0667747, 0.364473)
bones/68/scale = Vector3(1, 1, 1)
bones/69/name = "RHoodieString1"
bones/69/parent = 68
bones/69/rest = Transform3D(0.990974, 0.000918072, -0.134052, -0.0349971, 0.967071, -0.252091, 0.129407, 0.254507, 0.958374, 1.44541e-06, 7.36347, -3.51667e-06)
bones/69/enabled = true
bones/69/position = Vector3(-3.37357e-07, 7.36347, 4.96266e-06)
bones/69/rotation = Quaternion(0.127994, -0.0665639, -0.00907409, 0.989497)
bones/69/scale = Vector3(1, 1, 1)
bones/70/name = "RHoodieString2"
bones/70/parent = 69
bones/70/rest = Transform3D(1, -3.35036e-08, -1.36396e-07, 4.22765e-09, -0.963511, 0.267669, -1.40387e-07, -0.267668, -0.963515, 2.89037e-07, 10.009, 3.34459e-06)
bones/70/enabled = true
bones/70/position = Vector3(-3.96417e-07, 10.009, -2.1535e-06)
bones/70/rotation = Quaternion(-0.990836, 7.38669e-09, 6.98356e-08, 0.135072)
bones/70/scale = Vector3(1, 1, 1)
bones/71/name = "LBackpack_Strap"
bones/71/parent = 15
bones/71/rest = Transform3D(1, -1.40906e-05, 1.86343e-05, 1.40229e-05, -0.275926, -0.961179, 1.86852e-05, 0.961179, -0.275926, 15.2232, 8.48456, -5.59572)
bones/71/enabled = true
bones/71/position = Vector3(15.2232, 8.48456, -5.59572)
bones/71/rotation = Quaternion(0.798726, -2.11686e-08, 1.16809e-05, 0.601695)
bones/71/scale = Vector3(1, 1, 1)
bones/72/name = "RBackpack_Strap"
bones/72/parent = 15
bones/72/rest = Transform3D(1, -1.40906e-05, 1.86343e-05, 1.40229e-05, -0.275926, -0.961179, 1.86852e-05, 0.961179, -0.275926, -15.223, 8.48413, -5.59629)
bones/72/enabled = true
bones/72/position = Vector3(-15.223, 8.48413, -5.59629)
bones/72/rotation = Quaternion(0.798726, -2.11678e-08, 1.16809e-05, 0.601695)
bones/72/scale = Vector3(1, 1, 1)
bones/73/name = "BoyFacialAnim_Joint"
bones/73/parent = 0
bones/73/rest = Transform3D(-0.742079, -0.0134239, 0.670178, 0.0134239, -0.999896, -0.00516419, 0.670178, 0.00516418, 0.742183, -0.677902, 82.221, -0.905411)
bones/73/enabled = true
bones/73/position = Vector3(-0.677902, 82.221, -0.905411)
bones/73/rotation = Quaternion(0.359039, -7.48415e-10, 0.933295, 0.00719169)
bones/73/scale = Vector3(1, 1, 1)

[node name="BigVegas" type="Node3D" parent="VRMRemapper"]

[node name="skeleton" type="Skeleton3D" parent="VRMRemapper/BigVegas"]
transform = Transform3D(0.01, 0, 0, 0, 0.01, 0, 0, 0, 0.01, 0, 0, 0)
bones/0/name = "newVegas_Hips"
bones/0/parent = -1
bones/0/rest = Transform3D(0.976336, 0.011679, 0.215942, -0.0116787, -0.994236, 0.106575, 0.215942, -0.106575, -0.970572, 0, 96.48, 1.57186e-05)
bones/0/enabled = true
bones/0/position = Vector3(0, 96.48, 1.57186e-05)
bones/0/rotation = Quaternion(-0.992616, -8.74919e-08, -0.108774, 0.0536838)
bones/0/scale = Vector3(1, 1, 1)
bones/1/name = "newVegas_Pelvis"
bones/1/parent = 0
bones/1/rest = Transform3D(0.976336, -0.125927, -0.175814, 0.0116783, 0.842491, -0.538584, 0.215944, 0.523786, 0.824025, 1.16358e-07, 5.98015e-06, 2.38405e-07)
bones/1/enabled = true
bones/1/position = Vector3(1.16358e-07, 5.98015e-06, 2.38405e-07)
bones/1/rotation = Quaternion(0.278307, -0.102628, 0.0360482, 0.954313)
bones/1/scale = Vector3(1, 1, 1)
bones/2/name = "newVegas_LeftUpLeg"
bones/2/parent = 1
bones/2/rest = Transform3D(0.99631, -0.000664609, 0.0858199, -0.0541849, 0.770595, 0.635018, -0.0665544, -0.637325, 0.767716, 18.7352, 7.26182, -2.53088e-05)
bones/2/enabled = true
bones/2/position = Vector3(18.7352, 7.26182, -2.53088e-05)
bones/2/rotation = Quaternion(-0.338378, 0.0405238, -0.0142337, 0.940029)
bones/2/scale = Vector3(1, 1, 1)
bones/3/name = "newVegas_LeftLeg"
bones/3/parent = 2
bones/3/rest = Transform3D(0.986552, 0.00454777, 0.163386, 0.0197297, 0.98899, -0.14666, -0.162254, 0.147911, 0.9756, -1.41934e-06, 31.942, 2.98023e-07)
bones/3/enabled = true
bones/3/position = Vector3(-1.41934e-06, 31.942, 2.98023e-07)
bones/3/rotation = Quaternion(0.0740965, 0.0819117, 0.00381889, 0.993874)
bones/3/scale = Vector3(1, 1, 1)
bones/4/name = "newVegas_LeftFoot"
bones/4/parent = 3
bones/4/rest = Transform3D(0.933517, 0.165025, -0.318297, 0.0623268, 0.799563, 0.597339, 0.353074, -0.577464, 0.736121, -0.519666, 32.227, -0.037307)
bones/4/enabled = true
bones/4/position = Vector3(-0.519666, 32.227, -0.037307)
bones/4/rotation = Quaternion(-0.31537, -0.180226, -0.0275688, 0.93129)
bones/4/scale = Vector3(1, 1, 1)
bones/5/name = "newVegas_LeftToeBase"
bones/5/parent = 4
bones/5/rest = Transform3D(0.992657, -0.0307454, -0.116991, 0.0307452, -0.87127, 0.489841, -0.116991, -0.489841, -0.863927, 4.26546e-07, 30.6702, -2.01166e-07)
bones/5/enabled = true
bones/5/position = Vector3(4.26546e-07, 30.6702, -2.01166e-07)
bones/5/rotation = Quaternion(-0.965383, 7.18715e-08, 0.0605931, 0.253703)
bones/5/scale = Vector3(1, 1, 1)
bones/6/name = "newVegas_Left_PantLeg"
bones/6/parent = 3
bones/6/rest = Transform3D(0.967839, 0.049806, 0.246595, 0.0843809, -0.987693, -0.131691, 0.237, 0.148263, -0.960136, 0.519663, 9.12167, 0.0373092)
bones/6/enabled = true
bones/6/position = Vector3(0.519663, 9.12167, 0.0373092)
bones/6/rotation = Quaternion(0.989401, 0.0339061, 0.122194, 0.0707379)
bones/6/scale = Vector3(1, 1, 1.00001)
bones/7/name = "newVegas_RightUpLeg"
bones/7/parent = 1
bones/7/rest = Transform3D(0.997052, 0.00059223, -0.0767289, 0.0484462, 0.770595, 0.635481, 0.0595033, -0.637325, 0.768294, -18.7352, 7.26182, 2.4832e-05)
bones/7/enabled = true
bones/7/position = Vector3(-18.7352, 7.26182, 2.4832e-05)
bones/7/rotation = Quaternion(-0.338438, -0.0362241, 0.0127244, 0.940205)
bones/7/scale = Vector3(1, 1, 1)
bones/8/name = "newVegas_RightLeg"
bones/8/parent = 7
bones/8/rest = Transform3D(0.985304, -0.00571942, -0.170716, -0.0196677, 0.988993, -0.146648, 0.169676, 0.14785, 0.974346, 1.22562e-06, 31.9419, -3.57628e-07)
bones/8/enabled = true
bones/8/position = Vector3(1.22562e-06, 31.9419, -3.57628e-07)
bones/8/rotation = Quaternion(0.0741016, -0.0856496, -0.00350966, 0.99356)
bones/8/scale = Vector3(1, 1, 1)
bones/9/name = "newVegas_RightFoot"
bones/9/parent = 8
bones/9/rest = Transform3D(0.934087, -0.164188, 0.317055, -0.0622164, 0.799562, 0.597353, -0.351583, -0.577705, 0.736645, 0.518544, 32.227, -0.036175)
bones/9/enabled = true
bones/9/position = Vector3(0.518544, 32.227, -0.036175)
bones/9/rotation = Quaternion(-0.315389, 0.179464, 0.0273695, 0.931436)
bones/9/scale = Vector3(1, 1, 1)
bones/10/name = "newVegas_RightToeBase"
bones/10/parent = 9
bones/10/rest = Transform3D(0.992657, 0.0307425, 0.116992, -0.0307483, -0.871269, 0.48984, 0.116991, -0.489841, -0.863926, -4.60073e-07, 30.6702, -1.46031e-06)
bones/10/enabled = true
bones/10/position = Vector3(-4.60073e-07, 30.6702, -1.46031e-06)
bones/10/rotation = Quaternion(-0.965382, 1.5011e-06, -0.0605932, 0.253703)
bones/10/scale = Vector3(1, 1, 1)
bones/11/name = "newVegas_Right_PantLeg"
bones/11/parent = 8
bones/11/rest = Transform3D(0.968225, -0.0499376, -0.245049, -0.084272, -0.987702, -0.131691, -0.235459, 0.148157, -0.96053, -0.518546, 9.12163, 0.0361767)
bones/11/enabled = true
bones/11/position = Vector3(-0.518546, 9.12163, 0.0361767)
bones/11/rotation = Quaternion(0.989501, -0.0339084, -0.121401, 0.0707042)
bones/11/scale = Vector3(1, 1, 1)
bones/12/name = "newVegas_Spine"
bones/12/parent = 0
bones/12/rest = Transform3D(0.976335, 0.168883, 0.135086, 0.0116735, -0.664882, 0.746857, 0.215947, -0.727606, -0.65112, -0.183797, -10.1093, 1.37775)
bones/12/enabled = true
bones/12/position = Vector3(-0.183797, -10.1093, 1.37775)
bones/12/rotation = Quaternion(-0.90724, -0.0497542, -0.0967311, 0.406305)
bones/12/scale = Vector3(1, 1, 1)
bones/13/name = "newVegas_Spine1"
bones/13/parent = 12
bones/13/rest = Transform3D(1, 6.75288e-06, -1.06056e-06, -1.74932e-06, 0.402797, 0.915289, 6.60803e-06, -0.915289, 0.402797, 7.80378e-05, 5.68646, -10.5629)
bones/13/enabled = true
bones/13/position = Vector3(7.80378e-05, 5.68646, -10.5629)
bones/13/rotation = Quaternion(-0.546444, -2.28914e-06, -2.53798e-06, 0.837495)
bones/13/scale = Vector3(1, 1, 1)
bones/14/name = "newVegas_Spine2"
bones/14/parent = 13
bones/14/rest = Transform3D(1, -1.4881e-06, -9.7624e-09, 9.24409e-07, 0.626313, -0.779572, 1.1662e-06, 0.779571, 0.626313, -7.32214e-12, 13.8939, 4.29153e-06)
bones/14/enabled = true
bones/14/position = Vector3(-7.32214e-12, 13.8939, 4.29153e-06)
bones/14/rotation = Quaternion(0.432254, -3.26021e-07, 6.68841e-07, 0.901752)
bones/14/scale = Vector3(1, 1, 1)
bones/15/name = "newVegas_Neck"
bones/15/parent = 14
bones/15/rest = Transform3D(1, 8.33247e-07, -1.22897e-08, -5.81496e-07, 0.70828, 0.705932, 5.9692e-07, -0.705932, 0.70828, 9.92373e-06, 5.60009, -8.34356)
bones/15/enabled = true
bones/15/position = Vector3(9.92373e-06, 5.60009, -8.34356)
bones/15/rotation = Quaternion(-0.381916, -1.64794e-07, -3.82695e-07, 0.924197)
bones/15/scale = Vector3(1, 1, 1)
bones/16/name = "newVegas_Head"
bones/16/parent = 15
bones/16/rest = Transform3D(1, 1.08073e-07, 4.23661e-13, -1.07221e-07, 0.992115, 0.125335, 1.35449e-08, -0.125335, 0.992115, 2.45137e-13, 14.1336, -1.90735e-06)
bones/16/enabled = true
bones/16/position = Vector3(2.45137e-13, 14.1336, -1.90735e-06)
bones/16/rotation = Quaternion(-0.0627913, -3.39282e-09, -5.393e-08, 0.998027)
bones/16/scale = Vector3(1, 1, 1)
bones/17/name = "newVegas_Hair_Back"
bones/17/parent = 16
bones/17/rest = Transform3D(1, -1.87912e-07, 1.30029e-12, 1.83323e-07, 0.975577, -0.219657, 4.12749e-08, 0.219657, 0.975577, 1.40186e-05, 7.00242, -16.3869)
bones/17/enabled = true
bones/17/position = Vector3(1.40186e-05, 7.00242, -16.3869)
bones/17/rotation = Quaternion(0.110505, -1.0382e-08, 9.33806e-08, 0.993876)
bones/17/scale = Vector3(1, 1, 1)
bones/18/name = "newVegas_Hair_Front"
bones/18/parent = 16
bones/18/rest = Transform3D(1, -8.55005e-07, 1.36424e-11, -2.84255e-08, -0.033262, -0.999447, 8.54532e-07, 0.999447, -0.033262, -9.69143e-06, 29.4923, 11.3287)
bones/18/enabled = true
bones/18/position = Vector3(-9.69143e-06, 29.4923, 11.3287)
bones/18/rotation = Quaternion(0.718771, -3.07271e-07, 2.97225e-07, 0.695247)
bones/18/scale = Vector3(1, 1, 1)
bones/19/name = "newVegas_Hair_Front1"
bones/19/parent = 18
bones/19/rest = Transform3D(1, 5.76186e-14, -7.21646e-16, -5.76186e-14, 1, -2.98023e-08, 7.21644e-16, 2.98023e-08, 1, -8.41993e-13, 12.2089, -1.22786e-05)
bones/19/enabled = true
bones/19/position = Vector3(-8.41993e-13, 12.2089, -1.22786e-05)
bones/19/rotation = Quaternion(1.49012e-08, -3.60823e-16, -2.88093e-14, 1)
bones/19/scale = Vector3(1, 1, 1)
bones/20/name = "newVegas_Hair_Front2"
bones/20/parent = 19
bones/20/rest = Transform3D(1, -2.79392e-08, -2.62901e-13, 5.22729e-09, 0.187086, 0.982343, -2.74459e-08, -0.982343, 0.187086, 8.88178e-14, 12.2089, 1.78814e-05)
bones/20/enabled = true
bones/20/position = Vector3(8.88178e-14, 12.2089, 1.78814e-05)
bones/20/rotation = Quaternion(-0.63754, 8.90608e-09, 1.07625e-08, 0.770417)
bones/20/scale = Vector3(1, 1, 1)
bones/21/name = "newVegas_Jowel"
bones/21/parent = 16
bones/21/rest = Transform3D(1, -1.87912e-07, 1.25944e-12, 1.83323e-07, 0.975577, -0.219657, 4.1275e-08, 0.219657, 0.975577, -4.32719e-06, -8.7838, 5.05821)
bones/21/enabled = true
bones/21/position = Vector3(-4.32719e-06, -8.7838, 5.05821)
bones/21/rotation = Quaternion(0.110505, -1.0382e-08, 9.33806e-08, 0.993876)
bones/21/scale = Vector3(1, 1, 1)
bones/22/name = "newVegas_LeftShoulder"
bones/22/parent = 14
bones/22/rest = Transform3D(0.129827, 0.885669, 0.445797, -0.401187, -0.364236, 0.840465, 0.906749, -0.287963, 0.308031, 15.263, 8.09118, -7.35889)
bones/22/enabled = true
bones/22/position = Vector3(15.263, 8.09118, -7.35889)
bones/22/rotation = Quaternion(-0.544525, -0.222433, -0.620975, 0.518079)
bones/22/scale = Vector3(1, 1, 1)
bones/23/name = "newVegas_LeftArm"
bones/23/parent = 22
bones/23/rest = Transform3D(0.948959, 0.233646, 0.211863, -0.206695, 0.968076, -0.141797, -0.23823, 0.0907682, 0.966958, 1.28746e-05, 28.7225, 9.53674e-07)
bones/23/enabled = true
bones/23/position = Vector3(1.28746e-05, 28.7225, 9.53674e-07)
bones/23/rotation = Quaternion(0.0590031, 0.114191, -0.111717, 0.985392)
